  font-size: 1.33333333em;
  line-height: 0.75em;
  vertical-align: -15%;
  left: -1.85714286em;
