position:absolute;
top:11.0438729%;
bottom:14.6747352%;
left:13.364486%;
right:13.364486%;
overflow:hidden
border-radius:3px
