 margin-left: 46.80851%;  margin-left: 42.55319%;  margin-left: 38.29787%;  margin-left: 34.04255%;  margin-left: 29.78723%;  margin-left: 25.53191%;  margin-left: 21.2766%;  margin-left: 17.02128%;  margin-left: 12.76596%;  margin-left: 8.51064%;  margin-left: 4.25532%; 
 margin-left: 47.87234%;  margin-left: 44.68085%;  margin-left: 41.48936%;  margin-left: 38.29787%;  margin-left: 35.10638%;  margin-left: 31.91489%;  margin-left: 28.7234%;  margin-left: 25.53191%;  margin-left: 22.34043%;  margin-left: 19.14894%;  margin-left: 15.95745%;  margin-left: 12.76596%;  margin-left: 9.57447%;  margin-left: 6.38298%;  margin-left: 3.19149%;  margin-left: 0 !important; 