 width: 100%; 
 width: 74.46809%;  margin-left: 12.76596%; 