 width: 100%; max-width: 960px; min-width: 320px; margin: 0 auto;   .row  min-width: 0px;  .row .row 
 width: 6.38298%;  width: 6.38298%;  width: 14.89362%;  width: 23.40426%;  width: 31.91489%;  width: 40.42553%;  width: 48.93617%;  width: 57.44681%;  width: 65.95745%;  width: 74.46809%;  width: 82.97872%;  width: 91.48936%;  width: 100%;  margin-left: 10.6383%;  margin-left: 8.51064%;  margin-left: 19.14894%;  margin-left: 17.02128%;  margin-left: 27.65957%;  margin-left: 25.53191%;  margin-left: 36.17021%;  margin-left: 34.04255%;  margin-left: 44.68085%;  margin-left: 42.55319%;  margin-left: 53.19149%;  margin-left: 51.06383%;  margin-left: 61.70213%;  margin-left: 59.57447%;  margin-left: 70.21277%;  margin-left: 68.08511%;  margin-left: 78.7234%;  margin-left: 76.59574%;  margin-left: 87.23404%;  margin-left: 85.10638%;  margin-left: 95.74468%;  margin-left: 93.61702%;  margin-left: 46.80851%;  margin-left: 42.55319%;  margin-left: 38.29787%;  margin-left: 34.04255%;  margin-left: 29.78723%;  margin-left: 25.53191%;  margin-left: 21.2766%;  margin-left: 17.02128%;  margin-left: 12.76596%;  margin-left: 8.51064%;  margin-left: 4.25532%;  width: 4.25532%;  width: 4.25532%;  width: 10.6383%;  width: 17.02128%;  width: 23.40426%;  width: 29.78723%;  width: 36.17021%;  width: 42.55319%;  width: 48.93617%;  width: 55.31915%;  width: 61.70213%;  width: 68.08511%;  width: 74.46809%;  width: 80.85106%;  width: 87.23404%;  width: 93.61702%;  width: 100%;  margin-left: 8.51064%;  margin-left: 6.38298%;  margin-left: 14.89362%;  margin-left: 12.76596%;  margin-left: 21.2766%;  margin-left: 19.14894%;  margin-left: 27.65957%;  margin-left: 25.53191%;  margin-left: 34.04255%;  margin-left: 31.91489%;  margin-left: 40.42553%;  margin-left: 38.29787%;  margin-left: 46.80851%;  margin-left: 44.68085%;  margin-left: 53.19149%;  margin-left: 51.06383%;  margin-left: 59.57447%;  margin-left: 57.44681%;  margin-left: 65.95745%;  margin-left: 63.82979%;  margin-left: 72.34043%;  margin-left: 70.21277%;  margin-left: 78.7234%;  margin-left: 76.59574%;  margin-left: 85.10638%;  margin-left: 82.97872%;  margin-left: 91.48936%;  margin-left: 89.3617%;  margin-left: 97.87234%;  margin-left: 95.74468%;  margin-left: 47.87234%;  margin-left: 44.68085%;  margin-left: 41.48936%;  margin-left: 38.29787%;  margin-left: 35.10638%;  margin-left: 31.91489%;  margin-left: 28.7234%;  margin-left: 25.53191%;  margin-left: 22.34043%;  margin-left: 19.14894%;  margin-left: 15.95745%;  margin-left: 12.76596%;  margin-left: 9.57447%;  margin-left: 6.38298%;  margin-left: 3.19149%;  *zoom: 1;  content: ""; display: table;  clear: both;  width: 100%; min-width: 0; margin-left: 0; margin-right: 0;  padding: 0;  margin-left: 0 !important; 	position: relative;  
	border-bottom: 1px solid #e7e9eb;   
position: relative;    position: relative;
    width: 100%;
    height: auto;
    opacity: 1;
