    -ms-flex: 0 0 58.333333%;
    flex: 0 0 58.333333%;
    max-width: 58.333333%;
