    -ms-flex: 0 0 33.333333%;
    flex: 0 0 33.333333%;
    max-width: 33.333333%;
  margin-bottom: 30px;
