    -webkit-box-flex: 0;
    -ms-flex: 0 0 66.666667%;
    flex: 0 0 66.666667%;
    max-width: 66.666667%;
