    width: 31.666666666667%;
width:31.666666666667%