    width: 48.333333333333%;
width:48.333333333333%