    width: 33.33333333333333%;
width:33.333333333333%