    width: 98.333333333333%;
width:98.333333333333%