    width: 16.66666666666667%;
width:16.666666666667%