    width: 83.33333333333333%;
width:83.333333333333%