    width: 23.333333333333%;
width:23.333333333333% font-size: 16px; line-height: 18px; font-weight: 700;  
